20.1632453763 12.5072312128 9.84531075614 13.2143006617 12.2957014227 10.0234783562 11.1259879114 10.9431512979 10.1958854831 11.0046720728 19.6473062725 18.5910631749 12.4338506728 11.1078074723 10.9873609293 12.2550344098 10.8272560213 10.4976898855 11.3543266576 12.1183218521 21.4290018285 18.2064988157 21.2701177935 12.0579233733 11.2775651648 10.502219775 10.8945127807 10.3956507844 10.7760524885 10.9582764826 20.90327975 15.4916043177 12.7676083556 12.8459112951 11.7328208038 11.9601845672 16.3432027883 10.6368812189 10.8735119093 10.6110860253 21.5168417654 14.5423997448 11.8691017397 13.0508880615 10.7587981686 10.7239666354 11.935445642 10.9243810276 11.1962541765 11.5284178266 34.6105259487 96.5345284598 50.5384521484 36.8146856399 32.5693446568 26.2486955915 23.3550269717 18.3751843511 19.8665466309 18.4066917783 25.3567654328 30.9468220377 13.7110514695 12.4020781935 11.8315069343 14.7007083989 11.0087726747 10.4767125439 10.2027274335 10.9952244529 20.8955492215 13.9878076344 11.4898245983 12.5110633949 11.1142476759 10.3686362978 10.609317775 11.0006879318 11.1076167346 14.5649505124 19.1203163022 13.8283171107 12.2027697954 12.042135937 11.1726994749 11.3940535749 12.150925433 12.5793308374 10.0371430194 10.6063519254 22.4800330268 13.5011452569 12.1123174032 13.2142226608 11.1852317386 11.5961227417 10.1130516617 10.3078378344 10.4573899375 10.0494458234 20.2033359375 13.9338066406 11.5851049805 10.9618030599 10.4185439453 11.2292171875 10.3281993815 9.65176213727 9.90689416504 9.87268337674 19.0715076535 14.859885992 11.6971350382 11.1497064635 11.1298792639 10.5873762264 11.5777133675 11.6266858681 11.9063376493 10.4169514974 19.8431454136 12.2353074468 12.1935719327 27.1746606429 9.7578294194 10.6312987279 10.0661723028 10.1857516266 9.79283878397 10.2235474218 19.7406804865 17.6156116832 12.4481334339 12.2124171402 10.4396057129 12.3811621094 10.5893388228 11.0299842735 11.7436892423 11.1148139106 20.9881235308 12.043907143 12.0547926461 11.8494418134 16.9369346596 10.9184374424 10.4222647368 9.73911408538 9.59430255721 10.593222429 26.1920702588 14.1654005784 11.8552873213 9.42929311899 10.4932651729 11.2102163462 9.55606425638 10.3112435573 12.4760894775 10.0734845395 20.8170955089 15.5124147531 11.2294672339 12.7379845045 14.6270057299 17.725770729 11.7772616954 11.7284676447 11.0877243801 11.010053678 28.2075122435 18.7784624242 14.7718888468 17.8636116294 12.0545945808 11.5012068563 12.1076623717 11.9679186725 13.5888626326 13.0175032228 20.8776754146 14.4501625031 10.7491701149 10.5483210266 10.4060009138 11.4342427974 11.8359329163 11.0394264363 10.8009107386 17.2650712608 25.088072977 23.0006872107 13.3884234644 10.7547590677 12.5095452203 12.1608630522 10.5670399607 10.4391189925 10.5627878448 12.4861056969 24.3253969939 21.7240119129 14.4865294273 16.2544243538 15.0448053016 14.3183445143 10.9130883385 12.8311318073 12.7090975365 11.7751392393 25.8887310765 19.5354527813 17.2793791284 13.8254391039 10.7265748118 11.8610727728 10.1001776394 10.5398263563 11.0312549116 12.9739243376 
23.0102208024 16.4301495741 14.6360808119 13.0039057902 11.7039643196 11.7171665343 11.1560203423 11.5142569061 10.2057967536 10.5993961926 
20.3051194411 44.18361253 21.0768620418 20.8091070713 16.2777076134 17.3257436899 13.796493139 13.5379826472 16.3158569336 15.4014193543 
24.5110358161 26.618823902 29.1422564532 19.3541523701 18.4391413508 15.763050966 14.541636424 15.3163412087 14.4743066736 12.3612082542 
26.9968899635 17.9937460622 11.5370243196 11.7475357548 13.4930920016 11.2833220451 12.8340002573 13.3570170741 12.1841115644 12.1453270259 
21.7570747563 13.5757780569 13.1202059961 10.8635034379 10.1020097031 11.2046422641 10.246024344 10.6547190131 12.0419290735 42.5688310254 
19.9725324106 17.6163725185 15.9086347939 15.0423460145 12.3102537883 12.6324508888 11.8684634395 18.1880497798 11.7320916365 13.5061109853 
23.3367647059 16.264748966 14.4140524472 11.9540019914 13.0010835535 11.5764200368 11.2836006913 12.7409881335 16.3740126666 10.2620654935 
25.9665614021 14.5851299579 11.2880642682 11.9489312708 11.1060689892 10.7355419633 10.75843176 10.7272212463 9.92130455604 10.6872662927 
35.9984130859 155.566772461 198.173400879 44.9197387695 34.1753540039 36.1059570312 44.8412984212 30.4221714565 20.5321884155 25.0819905599 
20.2941207886 28.2233505249 13.7228622436 17.7054443359 14.0797519684 13.5371063232 21.3736114502 12.4154096331 17.2436580658 11.4519805908 
19.7046581204 13.3488369527 10.7231072895 9.80317943738 10.4418883243 10.2196875276 10.2417037016 10.6063914203 10.3269305903 10.6654087984 
30.3830560552 14.3909130508 11.9916204732 16.1544883234 9.77274942741 10.7232875028 11.7375748815 10.12320997 9.68558785784 9.32953858268 
20.3910037955 11.9138932376 11.1312951157 10.3434666375 10.04636328 9.67412386236 9.9901045442 9.78287134184 9.59341768874 9.7741293716 
20.5552975696 16.4199162366 10.3929127612 9.5187770265 9.45502611121 10.8086362632 9.22962807178 8.96673300053 9.09568797193 9.39496101769 
19.3877035605 13.5816584407 11.4266291438 9.86039335234 10.0319453059 9.88775271854 11.7305460062 9.57387092031 9.94131510967 9.62251735378 
19.2078057142 12.4861754449 11.4375700706 9.49614193888 9.637562916 10.3020363246 9.3355219938 9.62083285566 9.27957706509 9.57097739187 
18.8897422557 11.5050965688 10.3256779966 8.73734075777 9.11508378608 9.81075753957 8.80686628628 9.19893417311 9.08089556965 9.84427642452 
19.4277743411 10.143552081 11.2370310067 10.1205269846 9.57149301984 9.90535093694 9.1317050341 9.36701050736 9.27355902729 9.56016430114 
19.545992606 13.4051885696 10.5766421363 9.04098152282 9.41346203032 11.2574969773 9.85623914931 9.59015316087 9.80142996652 9.16456150277 
