102.470015092 42.0033069958 17.7932461825 17.1438728101 15.0981667259 15.0360218395 9.13628965435 7.00820566153 9.01680963689 7.96422723327 
112.369018555 300.651977539 50.5831298829 22.6164550781 19.1675720215 41.1736083984 15.317199707 7.17722865513 6.87980651855 11.2538519965 
72.7122497558 27.2959594727 18.0053100586 11.8789774577 12.2918624878 18.9749389648 12.8792978923 18.721496582 12.4417381287 19.6345011393 
76.6248931884 25.6606903076 12.4065475464 11.0791066488 12.9236755371 11.9323181152 10.6846694946 10.4526737758 9.59906959534 9.73899671767 
74.2244194878 12.0518934462 13.6012776693 12.9255642361 11.445054796 13.5180284288 10.8577067057 9.5497000558 9.49730088976 11.8935848283 
77.3213065011 29.7223597935 23.2947823661 13.7398856027 9.78736659459 15.253616769 11.0273234049 11.8398188377 9.77115304129 11.7035454644 
85.6687499999 12.0504882812 9.28222656251 8.54409179688 11.5900634766 12.0710839844 9.58299153646 10.6360979353 9.62499389649 8.33027886285 
78.2488064235 28.7126736111 23.0018717448 14.2587981047 14.3134833442 10.4357855903 12.6561053241 11.5171595982 13.0887552897 14.3870322145 
81.5503540039 19.4528198242 23.8896026611 15.7174580892 23.9978179932 12.8789306641 21.030863444 25.5770394462 19.68227005 14.8141377767 
103.549667358 22.6801605225 18.4113006592 11.2973276774 12.3097343445 14.5793884277 9.14979807536 7.71175493513 9.89099884033 13.6342485216 
114.544140625 75.0173828125 8.38540039062 15.24453125 7.22770996094 10.1494628906 14.4415120443 13.6761788504 11.4178283691 10.1835557726 
78.055094401 18.604309082 21.62793986 12.4300808377 10.6713511149 11.0925455729 10.996951633 12.9028087798 10.2621383667 10.2444638853 
137.687011719 69.9282226562 11.1979980469 12.6316731771 12.3804931641 10.0372558594 9.27250162761 10.3361816406 6.79852294922 8.27327473959 
80.1703435725 11.1704101562 11.2441739169 13.9356060606 10.1226251776 8.95519797585 10.8215923887 8.84581726867 10.449790261 9.72840465199 
84.5520629883 39.1641235352 15.9011993408 13.3005981445 10.3933181763 9.9262084961 12.7720794678 10.4287414551 14.1367034912 10.9051649306 
82.4091796875 20.0048479353 13.3140869141 12.0314069475 11.1408255441 10.4723563058 12.90595645 11.3808793048 11.4829145159 11.088648236 
84.3205159505 18.5911865234 15.4974161784 15.2091878255 13.1823120117 10.536311849 12.2819959852 13.2535807292 10.0597585042 9.13389304832 
84.0857543946 36.2985229492 23.020111084 8.88403320313 19.4819335937 17.3868530273 15.0139973958 17.8752354213 13.4466171265 14.4710489909 
83.7755998884 34.4744698661 15.1644461495 11.5103236607 13.2435215541 10.5784319196 11.5233968099 10.2401546556 9.73153686523 7.44650607639 
83.5163085937 17.3023681641 12.3026733398 10.3194254557 14.9765258789 8.06908691406 12.3866129557 10.7010114397 12.5028167725 10.7415066189 
67.6763237847 11.8286675347 8.81508382162 5.44737865307 6.32683308919 7.06438530816 16.442014341 8.23200528584 6.33540683322 9.45891957225 
73.4603969029 14.9065290179 13.0832170759 13.3729015532 10.4622889928 20.0445138114 8.99398367746 8.93385532924 11.4545506069 9.57706124442 
82.4370422363 45.7410888672 16.0903015137 14.9373677572 15.0920410156 10.2740234375 15.6429697673 9.86254010882 12.0775337219 10.6800401476 
81.4490855825 38.2499334162 21.1877441406 18.9237097538 19.310879794 13.5699396307 13.7459420869 13.7573559253 11.5234596946 12.5912173493 
84.9017578125 24.1052734375 19.835148112 16.1923719618 9.82176106771 10.0002669271 9.33614366319 10.0059919085 8.68098347981 10.3103461372 
76.5782376803 25.182429387 17.3150165265 17.9869478666 12.9405987079 13.0974797176 8.34342760918 11.5444792024 9.58270028922 10.5769042969 
75.0878173828 8.53122558593 18.2002563477 16.3312255859 25.3612487793 11.7533886719 13.2874430339 11.5576311384 11.3003662109 12.0399088542 
90.7446289063 74.3780517579 18.742767334 19.1320800781 22.8923339844 15.2124267578 19.9071146647 17.40763637 15.2298812866 15.0160251193 
70.2894422743 10.186062283 7.96200900608 6.97390407986 9.27930704752 7.89715983073 6.18743444372 6.38583713108 7.34716627333 7.45044096016 
71.8051920573 9.85791015626 11.8373372396 6.91130099826 9.33857421875 6.95022135417 6.41167534722 6.07217261905 6.50579223633 11.8843098958 
71.7205963135 76.4220581054 142.346916199 97.1023406983 89.8772506714 95.1784667969 86.1879781087 82.7023250035 78.3736228943 76.2330644395 
70.426936849 68.2273763021 110.494816081 98.9289822049 94.8576293945 110.487646484 106.671633572 116.918801153 111.075390625 87.6542227286 
71.4448499178 76.4973787006 69.5494192023 96.4992418791 89.5789730674 83.9096576892 106.258941115 81.8822526287 75.04970671 78.6565698099 
74.3112792968 81.5795135498 72.3104705811 97.6351572673 88.4672775268 87.6329193115 83.628112793 78.2496948242 78.5430335999 76.1018558078 
106.486002604 123.657714844 86.118733724 75.9551595053 73.4563598633 73.9116373698 70.4188232422 69.4082147507 71.2459818522 66.8457121672 
97.4881232767 158.430362477 289.611600988 85.8639370788 77.7508114085 80.9175752528 73.1920309628 71.130900407 70.133747774 92.9875552109 
85.031229655 84.6421305339 74.8954366048 80.2230834961 81.0787963867 79.1943684896 78.1680908203 77.6597144717 75.8502248128 77.9070050275 
75.8685772235 86.2426194411 75.6477238582 80.9947478466 80.3987755409 76.4249661959 75.8176582532 73.7462493561 74.6458364633 73.8697311532 
82.7580122514 86.1447088068 78.4014337713 74.7415660511 77.2269342596 79.2236150568 77.2397497928 110.190743583 79.9808904474 75.5163697522 
83.5087280274 95.1761474609 99.5565795899 78.3342692057 80.061126709 84.6253784179 78.851949056 72.438406808 78.3401794434 77.125773112 
100.122884115 112.817057292 85.3065185546 86.7811414931 85.3288370768 71.2805175781 67.1555718316 122.785202753 127.004425049 120.278546369 
71.3634765625 77.2180664063 69.2318522135 101.98796658 85.1090087891 81.0849055989 111.482435438 75.4277669271 73.7325866699 72.3964373553 
71.1872863769 70.9735412597 76.7172775269 98.9078725179 86.6142425537 83.1376403809 78.1693878174 78.5719953265 74.5037212372 74.670159234 
69.6921735491 68.4093715123 83.4586530413 101.118181501 88.403036935 84.0425571987 83.1411859421 96.7518435108 85.0074310303 79.2065197172 
76.0137803819 70.2559678819 80.7281155056 94.5247531467 94.3454589844 86.8641221788 85.0143477829 81.3790457589 76.9027269151 78.0021701389 
144.056803385 109.587565104 91.6045735678 75.2957628038 90.8639119466 94.8349283854 78.6414116753 109.145054408 98.9183858236 143.553539135 
107.804094587 225.808768136 142.742047991 86.8457263765 95.8463919503 85.1286690848 80.284790039 86.6390306122 80.0173383441 75.9402669271 
78.323054387 74.0167330229 74.1338172326 93.3296399239 80.0887920673 88.820301232 84.5753017328 79.8208463899 73.0139911358 72.6187963241 
70.8353881836 82.0406697591 83.4822591146 81.1611802843 79.2612660726 114.910904948 70.6183369954 72.1278250558 69.5872701009 69.8860337999 
68.5919867622 76.4127875434 75.3298611111 67.1634747541 74.4590793186 74.9096950955 70.3977548105 69.9301021515 76.3661193848 73.5603841146 
