38.6156080163 39.7093881624 30.6194618291 19.5508439481 25.2498370627 21.8240616508 21.4390357507 23.3772468216 21.7371569293 21.3778278325 
29.7787608157 20.7858485068 19.2004716114 22.4302618868 21.0600620065 22.5890586673 22.6178744627 22.6874694355 20.7343445481 21.5890740216 
33.1427426355 27.2707134507 22.6623495779 26.183393508 22.2552705717 21.3032443576 22.5029384381 23.4017127096 21.903313148 22.1179855997 
30.8092984407 22.8023367177 21.3011932373 19.8641822704 20.3983933822 20.2976918096 21.0291704482 21.2137318108 21.1495120836 23.1445959414 
43.4851519799 29.6707861142 29.447571497 24.9943101929 22.2030637328 21.5851614484 21.6773776017 21.2324966688 21.9800276956 25.9926195681 
30.0403367566 18.6926188526 19.9568027479 19.0661927863 19.6679761942 19.6052679621 19.6699808413 20.2050058418 20.275035421 21.7174707098 
33.5097355629 18.7457444224 20.743205451 22.331795045 20.2635068827 20.5323202348 20.3883069597 21.4530822711 22.214538764 22.5356036724 
34.4877160571 24.9750184724 22.2465019386 20.8165149715 21.7309533106 24.2270359215 22.0626656574 21.25267318 21.6366577574 21.3689068983 
46.4539739109 24.5698532857 20.244327129 21.2213446619 19.885356442 20.1299483072 20.6918665142 19.9447771053 20.2142465228 20.4096902571 
32.8303833316 22.2891406792 19.6773855235 19.5269584765 19.329410124 20.0710796901 19.7918643102 19.8635342199 20.8530160632 20.7979113836 
