102.124234099 63.6336491602 62.9820720053 63.088443581 65.7965034975 62.599872497 61.7087557791 63.8531216004 64.9617453154 65.8076498549 
99.4732887447 59.2924478601 58.0282431144 59.0157777125 59.6224548885 60.9473751852 61.4670217885 63.0968528037 64.0050645037 64.6042088967 
104.471675176 57.9310039535 58.1106246842 58.4300751479 60.0411035947 61.8685925416 62.3997734432 63.2149328457 64.1917294265 65.506217832 
110.012504374 59.0430457925 58.9709084141 59.5727875096 61.1116540882 61.3108586425 61.9044405453 63.3598092642 64.6650290663 65.7917364906 
111.600574812 60.2280262205 59.6565058277 60.9277606314 61.1787532656 61.5419231031 62.7026538411 63.3990027217 65.3629864335 65.9079885533 
116.484552235 59.95908382 58.4618663951 59.1723013232 60.3396021117 61.8342891417 63.0922066811 65.0226004192 65.4169047783 66.5083479137 
119.57397925 58.795187591 59.2590401371 59.5294437773 60.802290425 61.7371815696 62.5063853611 64.3039967672 65.8142074714 67.1726974986 
126.50684497 62.6972691291 64.47253724 64.0598553281 64.7911940198 63.0375294825 62.5281319154 64.5979990364 64.8571579198 67.9989111573 
129.910428422 70.1030934694 72.9402519271 66.4918487269 64.1034490794 70.0802009046 71.8825541258 65.6447549413 67.6751437448 65.6426458513 
133.262310833 59.9465811546 58.5937048377 59.7437940089 60.2361558335 61.8655808293 74.640380711 65.4860313516 66.4655193356 65.9271457339 
