620.18	775.225	930.27	1085.315	1240.36
413.936	517.42	620.904	724.388	827.872
312.1	390.125	468.15	546.175	624.2
322.584	403.23	483.876	564.522	645.168
307.208	384.01	460.812	537.614	614.416
226.792	283.49	340.188	396.886	453.584
203.612	254.515	305.418	356.321	407.224
231.148	288.935	346.722	404.509	462.296
189.244	236.555	283.866	331.177	378.488
231.476	289.345	347.214	405.083	462.952
245.504	306.88	368.256	429.632	491.008
268.652	335.815	402.978	470.141	537.304
318.668	398.335	478.002	557.669	637.336
271.992	339.99	407.988	475.986	543.984
295.396	369.245	443.094	516.943	590.792
365.564	456.955	548.346	639.737	731.128
291.752	364.69	437.628	510.566	583.504
307.676	384.595	461.514	538.433	615.352
262.792	328.49	394.188	459.886	525.584
310.212	387.765	465.318	542.871	620.424
277.232	346.54	415.848	485.156	554.464
290.684	363.355	436.026	508.697	581.368
216.768	270.96	325.152	379.344	433.536
229.984	287.48	344.976	402.472	459.968
286.536	358.17	429.804	501.438	573.072
379.304	474.13	568.956	663.782	758.608
222.564	278.205	333.846	389.487	445.128
208.548	260.685	312.822	364.959	417.096
259.204	324.005	388.806	453.607	518.408
254.752	318.44	382.128	445.816	509.504
145.644	182.055	218.466	254.877	291.288
245.312	306.64	367.968	429.296	490.624
209.492	261.865	314.238	366.611	418.984
255.18	318.975	382.77	446.565	510.36
338.116	422.645	507.174	591.703	676.232
404.92	506.15	607.38	708.61	809.84
406.536	508.17	609.804	711.438	813.072
263.768	329.71	395.652	461.594	527.536
191.784	239.73	287.676	335.622	383.568
228.8	286	343.2	400.4	457.6
265.32	331.65	397.98	464.31	530.64
232.356	290.445	348.534	406.623	464.712
235.94	294.925	353.91	412.895	471.88
280.232	350.29	420.348	490.406	560.464
222.24	277.8	333.36	388.92	444.48
267.816	334.77	401.724	468.678	535.632
306.236	382.795	459.354	535.913	612.472
233.78	292.225	350.67	409.115	467.56
195.96	244.95	293.94	342.93	391.92
264.168	330.21	396.252	462.294	528.336
211.052	263.815	316.578	369.341	422.104
180.544	225.68	270.816	315.952	361.088
266.916	333.645	400.374	467.103	533.832
314.78	393.475	472.17	550.865	629.56
327.42	409.275	491.13	572.985	654.84
340.896	426.12	511.344	596.568	681.792
310.528	388.16	465.792	543.424	621.056
343.488	429.36	515.232	601.104	686.976
217.808	272.26	326.712	381.164	435.616
168.716	210.895	253.074	295.253	337.432
182.128	227.66	273.192	318.724	364.256
243.06	303.825	364.59	425.355	486.12
238.384	297.98	357.576	417.172	476.768
273.584	341.98	410.376	478.772	547.168
283.428	354.285	425.142	495.999	566.856
177.296	221.62	265.944	310.268	354.592
284.916	356.145	427.374	498.603	569.832
232.596	290.745	348.894	407.043	465.192
180.28	225.35	270.42	315.49	360.56
282.316	352.895	423.474	494.053	564.632
215.18	268.975	322.77	376.565	430.36
282.4	353	423.6	494.2	564.8
334.7	418.375	502.05	585.725	669.4
289.76	362.2	434.64	507.08	579.52
248.972	311.215	373.458	435.701	497.944
268.244	335.305	402.366	469.427	536.488
297.58	371.975	446.37	520.765	595.16
338.204	422.755	507.306	591.857	676.408
294.932	368.665	442.398	516.131	589.864
201.104	251.38	301.656	351.932	402.208
181.12	226.4	271.68	316.96	362.24
175.84	219.8	263.76	307.72	351.68
219.936	274.92	329.904	384.888	439.872
345.116	431.395	517.674	603.953	690.232
327.708	409.635	491.562	573.489	655.416
184.116	230.145	276.174	322.203	368.232
203.62	254.525	305.43	356.335	407.24
216.34	270.425	324.51	378.595	432.68
185.324	231.655	277.986	324.317	370.648
239.872	299.84	359.808	419.776	479.744
341.42	426.775	512.13	597.485	682.84
350.548	438.185	525.822	613.459	701.096
263.172	328.965	394.758	460.551	526.344
336.94	421.175	505.41	589.645	673.88
193.532	241.915	290.298	338.681	387.064
268.388	335.485	402.582	469.679	536.776
412.94	516.175	619.41	722.645	825.88
343.8	429.75	515.7	601.65	687.6
206.74	258.425	310.11	361.795	413.48
358.536	448.17	537.804	627.438	717.072
353.724	442.155	530.586	619.017	707.448
325.26	406.575	487.89	569.205	650.52
259.444	324.305	389.166	454.027	518.888
205.88	257.35	308.82	360.29	411.76
303.916	379.895	455.874	531.853	607.832
292.724	365.905	439.086	512.267	585.448
262.932	328.665	394.398	460.131	525.864
291.948	364.935	437.922	510.909	583.896
269.928	337.41	404.892	472.374	539.856
301.476	376.845	452.214	527.583	602.952
295.068	368.835	442.602	516.369	590.136
169.028	211.285	253.542	295.799	338.056
287.612	359.515	431.418	503.321	575.224
314.188	392.735	471.282	549.829	628.376
223.356	279.195	335.034	390.873	446.712
275.716	344.645	413.574	482.503	551.432
325.58	406.975	488.37	569.765	651.16
260.704	325.88	391.056	456.232	521.408
293.968	367.46	440.952	514.444	587.936
292.064	365.08	438.096	511.112	584.128
275.484	344.355	413.226	482.097	550.968
296.48	370.6	444.72	518.84	592.96
242.748	303.435	364.122	424.809	485.496
210.224	262.78	315.336	367.892	420.448
212.304	265.38	318.456	371.532	424.608
326.18	407.725	489.27	570.815	652.36
392.664	490.83	588.996	687.162	785.328
305.608	382.01	458.412	534.814	611.216
362.296	452.87	543.444	634.018	724.592
292.76	365.95	439.14	512.33	585.52
223.668	279.585	335.502	391.419	447.336
148.924	186.155	223.386	260.617	297.848
270.032	337.54	405.048	472.556	540.064
398.58	498.225	597.87	697.515	797.16
248.22	310.275	372.33	434.385	496.44
230.428	288.035	345.642	403.249	460.856
221.348	276.685	332.022	387.359	442.696
311.032	388.79	466.548	544.306	622.064
214.936	268.67	322.404	376.138	429.872
124.392	155.49	186.588	217.686	248.784
114.584	143.23	171.876	200.522	229.168
208.792	260.99	313.188	365.386	417.584
315.112	393.89	472.668	551.446	630.224
288.132	360.165	432.198	504.231	576.264
249.196	311.495	373.794	436.093	498.392
237.596	296.995	356.394	415.793	475.192
350.216	437.77	525.324	612.878	700.432
370.392	462.99	555.588	648.186	740.784
308.784	385.98	463.176	540.372	617.568
202.352	252.94	303.528	354.116	404.704
