1737.044	2171.305	2605.566	3039.827	3474.088
3394.448	4243.06	5091.672	5940.284	6788.896
2438.36	3047.95	3657.54	4267.13	4876.72
3528.812	4411.015	5293.218	6175.421	7057.624
3321.996	4152.495	4982.994	5813.493	6643.992
3059.744	3824.68	4589.616	5354.552	6119.488
2923.9	3654.875	4385.85	5116.825	5847.8
3023.988	3779.985	4535.982	5291.979	6047.976
2768.896	3461.12	4153.344	4845.568	5537.792
3313.004	4141.255	4969.506	5797.757	6626.008
2744.08	3430.1	4116.12	4802.14	5488.16
2530.368	3162.96	3795.552	4428.144	5060.736
2422.46	3028.075	3633.69	4239.305	4844.92
3309.124	4136.405	4963.686	5790.967	6618.248
3061.676	3827.095	4592.514	5357.933	6123.352
2998.896	3748.62	4498.344	5248.068	5997.792
3002.92	3753.65	4504.38	5255.11	6005.84
2307.664	2884.58	3461.496	4038.412	4615.328
2413.348	3016.685	3620.022	4223.359	4826.696
1807.288	2259.11	2710.932	3162.754	3614.576
2105.668	2632.085	3158.502	3684.919	4211.336
2917.028	3646.285	4375.542	5104.799	5834.056
3050.552	3813.19	4575.828	5338.466	6101.104
3640.848	4551.06	5461.272	6371.484	7281.696
2938.604	3673.255	4407.906	5142.557	5877.208
3131.452	3914.315	4697.178	5480.041	6262.904
2142.288	2677.86	3213.432	3749.004	4284.576
2483.608	3104.51	3725.412	4346.314	4967.216
2703.26	3379.075	4054.89	4730.705	5406.52
2360.324	2950.405	3540.486	4130.567	4720.648
2598.964	3248.705	3898.446	4548.187	5197.928
2653.224	3316.53	3979.836	4643.142	5306.448
1967.796	2459.745	2951.694	3443.643	3935.592
2739.72	3424.65	4109.58	4794.51	5479.44
3326.34	4157.925	4989.51	5821.095	6652.68
3864.352	4830.44	5796.528	6762.616	7728.704
1781.216	2226.52	2671.824	3117.128	3562.432
2747.728	3434.66	4121.592	4808.524	5495.456
2653.72	3317.15	3980.58	4644.01	5307.44
2544.936	3181.17	3817.404	4453.638	5089.872
2494.136	3117.67	3741.204	4364.738	4988.272
2619.212	3274.015	3928.818	4583.621	5238.424
2030.216	2537.77	3045.324	3552.878	4060.432
3531.704	4414.63	5297.556	6180.482	7063.408
2644.868	3306.085	3967.302	4628.519	5289.736
3200.62	4000.775	4800.93	5601.085	6401.24
2394.612	2993.265	3591.918	4190.571	4789.224
2278.86	2848.575	3418.29	3988.005	4557.72
2340.72	2925.9	3511.08	4096.26	4681.44
3430.792	4288.49	5146.188	6003.886	6861.584
2862.364	3577.955	4293.546	5009.137	5724.728
3114.464	3893.08	4671.696	5450.312	6228.928
1871.988	2339.985	2807.982	3275.979	3743.976
2134.58	2668.225	3201.87	3735.515	4269.16
2407.496	3009.37	3611.244	4213.118	4814.992
3073.784	3842.23	4610.676	5379.122	6147.568
1055.468	1319.335	1583.202	1847.069	2110.936
3453.36	4316.7	5180.04	6043.38	6906.72
2975.776	3719.72	4463.664	5207.608	5951.552
1994.976	2493.72	2992.464	3491.208	3989.952
2652.876	3316.095	3979.314	4642.533	5305.752
1994.548	2493.185	2991.822	3490.459	3989.096
2536.904	3171.13	3805.356	4439.582	5073.808
1793.516	2241.895	2690.274	3138.653	3587.032
2608.404	3260.505	3912.606	4564.707	5216.808
2156.96	2696.2	3235.44	3774.68	4313.92
3133.168	3916.46	4699.752	5483.044	6266.336
2992.764	3740.955	4489.146	5237.337	5985.528
1742.004	2177.505	2613.006	3048.507	3484.008
3096.876	3871.095	4645.314	5419.533	6193.752
3224.884	4031.105	4837.326	5643.547	6449.768
2334.496	2918.12	3501.744	4085.368	4668.992
2856.096	3570.12	4284.144	4998.168	5712.192
2860.98	3576.225	4291.47	5006.715	5721.96
2560.86	3201.075	3841.29	4481.505	5121.72
2361.288	2951.61	3541.932	4132.254	4722.576
2281.212	2851.515	3421.818	3992.121	4562.424
2765.82	3457.275	4148.73	4840.185	5531.64
1887.16	2358.95	2830.74	3302.53	3774.32
2256.6	2820.75	3384.9	3949.05	4513.2
2375.892	2969.865	3563.838	4157.811	4751.784
2658.544	3323.18	3987.816	4652.452	5317.088
1967.256	2459.07	2950.884	3442.698	3934.512
1879.26	2349.075	2818.89	3288.705	3758.52
2576.6	3220.75	3864.9	4509.05	5153.2
2583.308	3229.135	3874.962	4520.789	5166.616
3985.012	4981.265	5977.518	6973.771	7970.024
2266.456	2833.07	3399.684	3966.298	4532.912
2097.896	2622.37	3146.844	3671.318	4195.792
2538.248	3172.81	3807.372	4441.934	5076.496
2084.916	2606.145	3127.374	3648.603	4169.832
2475.656	3094.57	3713.484	4332.398	4951.312
2009.56	2511.95	3014.34	3516.73	4019.12
2664.54	3330.675	3996.81	4662.945	5329.08
2546.22	3182.775	3819.33	4455.885	5092.44
2290.732	2863.415	3436.098	4008.781	4581.464
2785.48	3481.85	4178.22	4874.59	5570.96
2480.624	3100.78	3720.936	4341.092	4961.248
2775.936	3469.92	4163.904	4857.888	5551.872
2745.176	3431.47	4117.764	4804.058	5490.352
2638.388	3297.985	3957.582	4617.179	5276.776
2441	3051.25	3661.5	4271.75	4882
2265.82	2832.275	3398.73	3965.185	4531.64
1946.768	2433.46	2920.152	3406.844	3893.536
2818.448	3523.06	4227.672	4932.284	5636.896
2007.896	2509.87	3011.844	3513.818	4015.792
2884.196	3605.245	4326.294	5047.343	5768.392
2338.068	2922.585	3507.102	4091.619	4676.136
2450.488	3063.11	3675.732	4288.354	4900.976
3096.612	3870.765	4644.918	5419.071	6193.224
2659	3323.75	3988.5	4653.25	5318
2562.028	3202.535	3843.042	4483.549	5124.056
2259.284	2824.105	3388.926	3953.747	4518.568
3435.34	4294.175	5153.01	6011.845	6870.68
2085.156	2606.445	3127.734	3649.023	4170.312
2046.276	2557.845	3069.414	3580.983	4092.552
3060.744	3825.93	4591.116	5356.302	6121.488
2852.264	3565.33	4278.396	4991.462	5704.528
3268.504	4085.63	4902.756	5719.882	6537.008
2502.588	3128.235	3753.882	4379.529	5005.176
1789.752	2237.19	2684.628	3132.066	3579.504
2633.38	3291.725	3950.07	4608.415	5266.76
2281.308	2851.635	3421.962	3992.289	4562.616
1936.812	2421.015	2905.218	3389.421	3873.624
2063.272	2579.09	3094.908	3610.726	4126.544
2746.148	3432.685	4119.222	4805.759	5492.296
2643.868	3304.835	3965.802	4626.769	5287.736
3086.216	3857.77	4629.324	5400.878	6172.432
2390.972	2988.715	3586.458	4184.201	4781.944
2796.916	3496.145	4195.374	4894.603	5593.832
2879.476	3599.345	4319.214	5039.083	5758.952
2641.748	3302.185	3962.622	4623.059	5283.496
