505.716	632.145	758.574	885.003	1011.432
82	102.5	123	143.5	164
53.664	67.08	80.496	93.912	107.328
46.956	58.695	70.434	82.173	93.912
46.564	58.205	69.846	81.487	93.128
42.924	53.655	64.386	75.117	85.848
29.092	36.365	43.638	50.911	58.184
38.212	47.765	57.318	66.871	76.424
60.26	75.325	90.39	105.455	120.52
80.86	101.075	121.29	141.505	161.72
25.108	31.385	37.662	43.939	50.216
50.384	62.98	75.576	88.172	100.768
41.18	51.475	61.77	72.065	82.36
39.208	49.01	58.812	68.614	78.416
33.62	42.025	50.43	58.835	67.24
42.704	53.38	64.056	74.732	85.408
26.74	33.425	40.11	46.795	53.48
38.204	47.755	57.306	66.857	76.408
39.072	48.84	58.608	68.376	78.144
41.744	52.18	62.616	73.052	83.488
25.368	31.71	38.052	44.394	50.736
33.584	41.98	50.376	58.772	67.168
39.976	49.97	59.964	69.958	79.952
36.568	45.71	54.852	63.994	73.136
22.508	28.135	33.762	39.389	45.016
37.044	46.305	55.566	64.827	74.088
36.468	45.585	54.702	63.819	72.936
36.052	45.065	54.078	63.091	72.104
45.588	56.985	68.382	79.779	91.176
28.784	35.98	43.176	50.372	57.568
40.392	50.49	60.588	70.686	80.784
38.688	48.36	58.032	67.704	77.376
41.352	51.69	62.028	72.366	82.704
32.6	40.75	48.9	57.05	65.2
38.46	48.075	57.69	67.305	76.92
31.804	39.755	47.706	55.657	63.608
23.8	29.75	35.7	41.65	47.6
33.688	42.11	50.532	58.954	67.376
37.06	46.325	55.59	64.855	74.12
36.448	45.56	54.672	63.784	72.896
39.7	49.625	59.55	69.475	79.4
35.508	44.385	53.262	62.139	71.016
41.22	51.525	61.83	72.135	82.44
36.8	46	55.2	64.4	73.6
35.616	44.52	53.424	62.328	71.232
46.704	58.38	70.056	81.732	93.408
40.4	50.5	60.6	70.7	80.8
34.304	42.88	51.456	60.032	68.608
25.88	32.35	38.82	45.29	51.76
22.18	27.725	33.27	38.815	44.36
50.164	62.705	75.246	87.787	100.328
36.328	45.41	54.492	63.574	72.656
39.976	49.97	59.964	69.958	79.952
42.164	52.705	63.246	73.787	84.328
32.548	40.685	48.822	56.959	65.096
48.592	60.74	72.888	85.036	97.184
39.756	49.695	59.634	69.573	79.512
36.46	45.575	54.69	63.805	72.92
45.384	56.73	68.076	79.422	90.768
42.816	53.52	64.224	74.928	85.632
34.152	42.69	51.228	59.766	68.304
44.28	55.35	66.42	77.49	88.56
42.984	53.73	64.476	75.222	85.968
40.136	50.17	60.204	70.238	80.272
36.836	46.045	55.254	64.463	73.672
29.992	37.49	44.988	52.486	59.984
38.58	48.225	57.87	67.515	77.16
13.772	17.215	20.658	24.101	27.544
34.916	43.645	52.374	61.103	69.832
39.72	49.65	59.58	69.51	79.44
44.372	55.465	66.558	77.651	88.744
50.608	63.26	75.912	88.564	101.216
49.72	62.15	74.58	87.01	99.44
48.2	60.25	72.3	84.35	96.4
40.472	50.59	60.708	70.826	80.944
31.132	38.915	46.698	54.481	62.264
43.056	53.82	64.584	75.348	86.112
31.604	39.505	47.406	55.307	63.208
40.36	50.45	60.54	70.63	80.72
49.972	62.465	74.958	87.451	99.944
45.576	56.97	68.364	79.758	91.152
48.612	60.765	72.918	85.071	97.224
49.596	61.995	74.394	86.793	99.192
48.064	60.08	72.096	84.112	96.128
39.34	49.175	59.01	68.845	78.68
46.988	58.735	70.482	82.229	93.976
34.392	42.99	51.588	60.186	68.784
52.344	65.43	78.516	91.602	104.688
46.892	58.615	70.338	82.061	93.784
39.176	48.97	58.764	68.558	78.352
51.224	64.03	76.836	89.642	102.448
45.192	56.49	67.788	79.086	90.384
52.784	65.98	79.176	92.372	105.568
51.228	64.035	76.842	89.649	102.456
35.188	43.985	52.782	61.579	70.376
49.476	61.845	74.214	86.583	98.952
46.688	58.36	70.032	81.704	93.376
44.252	55.315	66.378	77.441	88.504
41.356	51.695	62.034	72.373	82.712
51.512	64.39	77.268	90.146	103.024
43.34	54.175	65.01	75.845	86.68
49.432	61.79	74.148	86.506	98.864
72.54	90.675	108.81	126.945	145.08
64.124	80.155	96.186	112.217	128.248
59.644	74.555	89.466	104.377	119.288
49.784	62.23	74.676	87.122	99.568
39.9	49.875	59.85	69.825	79.8
36.552	45.69	54.828	63.966	73.104
50.864	63.58	76.296	89.012	101.728
40.084	50.105	60.126	70.147	80.168
54.908	68.635	82.362	96.089	109.816
48.116	60.145	72.174	84.203	96.232
50.652	63.315	75.978	88.641	101.304
54.024	67.53	81.036	94.542	108.048
37.36	46.7	56.04	65.38	74.72
59.084	73.855	88.626	103.397	118.168
45.8	57.25	68.7	80.15	91.6
38.036	47.545	57.054	66.563	76.072
54.036	67.545	81.054	94.563	108.072
43.688	54.61	65.532	76.454	87.376
46.116	57.645	69.174	80.703	92.232
56.44	70.55	84.66	98.77	112.88
43.844	54.805	65.766	76.727	87.688
51.044	63.805	76.566	89.327	102.088
42.768	53.46	64.152	74.844	85.536
45.964	57.455	68.946	80.437	91.928
60.08	75.1	90.12	105.14	120.16
45.86	57.325	68.79	80.255	91.72
34.224	42.78	51.336	59.892	68.448
42.748	53.435	64.122	74.809	85.496
47.72	59.65	71.58	83.51	95.44
47.62	59.525	71.43	83.335	95.24
31.912	39.89	47.868	55.846	63.824
55.468	69.335	83.202	97.069	110.936
51.004	63.755	76.506	89.257	102.008
42.304	52.88	63.456	74.032	84.608
48.952	61.19	73.428	85.666	97.904
44.392	55.49	66.588	77.686	88.784
56.144	70.18	84.216	98.252	112.288
43.008	53.76	64.512	75.264	86.016
31.948	39.935	47.922	55.909	63.896
53.868	67.335	80.802	94.269	107.736
43.268	54.085	64.902	75.719	86.536
51.764	64.705	77.646	90.587	103.528
55.952	69.94	83.928	97.916	111.904
59.9	74.875	89.85	104.825	119.8
49.612	62.015	74.418	86.821	99.224
64.756	80.945	97.134	113.323	129.512
41.868	52.335	62.802	73.269	83.736
48.632	60.79	72.948	85.106	97.264
